-2.97 0.12
-2.91 0.08
-2.85 0.09
-2.79 0.07
-2.73 0.13
-2.67 0.12
-2.61 0.2
-2.55 0.14
-2.49 0.15
-2.43 0.14
-2.37 0.23
-2.31 0.39
-2.25 0.42
-2.19 0.3
-2.13 0.42
-2.07 0.58
-2.01 0.52
-1.95 0.58
-1.89 1.06
-1.83 1.09
-1.77 1.12
-1.71 0.88
-1.65 1.24
-1.59 1.46
-1.53 1.48
-1.47 1.64
-1.41 1.96
-1.35 2.01
-1.29 2.07
-1.23 2.31
-1.17 2.26
-1.11 2.56
-1.05 2.73
-0.99 2.81
-0.93 2.66
-0.87 3.1
-0.81 3.62
-0.75 3.66
-0.69 3.55
-0.63 3.81
-0.57 4.07
-0.51 4.15
-0.45 4.48
-0.39 4.39
-0.33 4.78
-0.27 4.92
-0.21 4.34
-0.15 4.9
-0.09 4.74
-0.03 4.67
0.03 4.78
0.09 4.71
0.15 4.51
0.21 4.98
0.27 4.69
0.33 4.82
0.39 4.39
0.45 4.41
0.51 3.98
0.57 4.27
0.63 3.83
0.69 3.83
0.75 3.66
0.81 3.46
0.87 3.31
0.93 3.09
0.99 3.08
1.05 3
1.11 2.52
1.17 2.56
1.23 2.49
1.29 1.85
1.35 2.1
1.41 1.99
1.47 2
1.53 1.47
1.59 1.44
1.65 1.33
1.71 1.19
1.77 1.37
1.83 0.92
1.89 0.8
1.95 0.86
2.01 0.64
2.07 0.7
2.13 0.47
2.19 0.51
2.25 0.4
2.31 0.43
2.37 0.29
2.43 0.26
2.49 0.27
2.55 0.18
2.61 0.26
2.67 0.14
2.73 0.17
2.79 0.14
2.85 0.14
2.91 0.09
2.97 0.08
